5.488135039273247173e+01 7.151893663724194994e+01
6.027633760716438616e+01 5.448831829968968776e+01
4.236547993389046951e+01 6.458941130666561037e+01
4.375872112626925059e+01 8.917730007820797766e+01
9.636627605010292541e+01 3.834415188257776919e+01
7.917250380826645539e+01 5.288949197529044710e+01
5.680445610939322876e+01 9.255966382926609981e+01
7.103605819788693765e+00 8.712929970154071668e+00
2.021839744032571939e+00 8.326198455479379845e+01
7.781567509498505331e+01 8.700121482468190948e+01
9.786183422327640358e+01 7.991585642167235903e+01
4.614793622529318640e+01 7.805291762864554528e+01
1.182744258689332284e+01 6.399210213275237891e+01
1.433532874090463949e+01 9.446689170495838539e+01
5.218483217500716620e+01 4.146619399905235781e+01
2.645556121046269737e+01 7.742336894342166431e+01
4.561503322165485486e+01 5.684339488686484998e+01
1.878980043635514185e+00 6.176354970758770691e+01
6.120957227224214137e+01 6.169339968747569003e+01
9.437480785146242113e+01 6.818202991034834781e+01
